Cluster 1 (26 trees)

Compatibility matrix:
arCOG00029 (1.0)	0	1	1	1	1	1	1	1	1	1	1	1	1	1	1	1	1	1	1	1	1	1	1	1	1	1
arCOG00470 (1.0)	1	0	1	1	1	1	1	1	1	1	1	1	1	1	1	1	1	1	1	1	1	1	1	1	1	1
arCOG00675 (1.0)	1	1	0	1	1	1	1	1	1	1	1	1	1	1	1	1	1	1	1	1	1	1	1	1	1	1
arCOG00780 (1.0)	1	1	1	0	1	1	1	1	1	1	1	1	1	1	1	1	1	1	1	1	1	1	1	1	1	1
arCOG01016 (1.0)	1	1	1	1	0	1	1	1	1	1	1	1	1	1	1	1	1	1	1	1	1	1	1	1	1	1
arCOG01038 (1.0)	1	1	1	1	1	0	1	1	1	1	1	1	1	1	1	1	1	1	1	1	1	1	1	1	1	1
arCOG01122 (1.0)	1	1	1	1	1	1	0	1	1	1	1	1	1	1	1	1	1	1	1	1	1	1	1	1	1	1
arCOG01219 (1.0)	1	1	1	1	1	1	1	0	1	1	1	1	1	1	1	1	1	1	1	1	1	1	1	1	1	1
arCOG01228 (1.0)	1	1	1	1	1	1	1	1	0	1	1	1	1	1	1	1	1	1	1	1	1	1	1	1	1	1
arCOG01358 (1.0)	1	1	1	1	1	1	1	1	1	0	1	1	1	1	1	1	1	1	1	1	1	1	1	1	1	1
arCOG01561 (1.0)	1	1	1	1	1	1	1	1	1	1	0	1	1	1	1	1	1	1	1	1	1	1	1	1	1	1
arCOG01741 (1.0)	1	1	1	1	1	1	1	1	1	1	1	0	1	1	1	1	1	1	1	1	1	1	1	1	1	1
arCOG01923 (1.0)	1	1	1	1	1	1	1	1	1	1	1	1	0	1	1	1	1	1	1	1	1	1	1	1	1	1
arCOG01988 (1.0)	1	1	1	1	1	1	1	1	1	1	1	1	1	0	1	1	1	1	1	1	1	1	1	1	1	1
arCOG04071 (1.0)	1	1	1	1	1	1	1	1	1	1	1	1	1	1	0	1	1	1	1	1	1	1	1	1	1	1
arCOG04077 (1.0)	1	1	1	1	1	1	1	1	1	1	1	1	1	1	1	0	1	1	1	1	1	1	1	1	1	1
arCOG04086 (1.0)	1	1	1	1	1	1	1	1	1	1	1	1	1	1	1	1	0	1	1	1	1	1	1	1	1	1
arCOG04092 (1.0)	1	1	1	1	1	1	1	1	1	1	1	1	1	1	1	1	1	0	1	1	1	1	1	1	1	1
arCOG04094 (1.0)	1	1	1	1	1	1	1	1	1	1	1	1	1	1	1	1	1	1	0	1	1	1	1	1	1	1
arCOG04108 (1.0)	1	1	1	1	1	1	1	1	1	1	1	1	1	1	1	1	1	1	1	0	1	1	1	1	1	1
arCOG04129 (1.0)	1	1	1	1	1	1	1	1	1	1	1	1	1	1	1	1	1	1	1	1	0	1	1	1	1	1
arCOG04130 (1.0)	1	1	1	1	1	1	1	1	1	1	1	1	1	1	1	1	1	1	1	1	1	0	1	1	1	1
arCOG04184 (1.0)	1	1	1	1	1	1	1	1	1	1	1	1	1	1	1	1	1	1	1	1	1	1	0	1	1	1
arCOG04185 (1.0)	1	1	1	1	1	1	1	1	1	1	1	1	1	1	1	1	1	1	1	1	1	1	1	0	1	1
arCOG04186 (1.0)	1	1	1	1	1	1	1	1	1	1	1	1	1	1	1	1	1	1	1	1	1	1	1	1	0	1
arCOG04254 (1.0)	1	1	1	1	1	1	1	1	1	1	1	1	1	1	1	1	1	1	1	1	1	1	1	1	1	0
Average: 1.0

Shared taxa matrix:
arCOG00029 (65.8)	0	66	66	66	66	65	66	65	66	65	65	66	66	66	66	66	66	66	66	66	66	65	66	66	65	66
arCOG00470 (66.6)	66	0	67	67	67	66	66	66	66	66	66	67	67	67	67	67	67	67	67	67	67	66	66	67	66	67
arCOG00675 (66.6)	66	67	0	67	67	66	66	66	66	66	66	67	67	67	67	67	67	67	67	67	67	66	66	67	66	67
arCOG00780 (66.6)	66	67	67	0	67	66	66	66	66	66	66	67	67	67	67	67	67	67	67	67	67	66	66	67	66	67
arCOG01016 (66.6)	66	67	67	67	0	66	66	66	66	66	66	67	67	67	67	67	67	67	67	67	67	66	66	67	66	67
arCOG01038 (65.6)	65	66	66	66	66	0	65	65	65	65	65	66	66	66	66	66	66	66	66	66	66	65	65	66	65	66
arCOG01122 (65.8)	66	66	66	66	66	65	0	65	66	65	65	66	66	66	66	66	66	66	66	66	66	65	66	66	65	66
arCOG01219 (65.7)	65	66	66	66	66	65	65	0	65	65	66	66	66	66	66	66	66	66	66	66	66	65	65	66	65	66
arCOG01228 (65.8)	66	66	66	66	66	65	66	65	0	65	65	66	66	66	66	66	66	66	66	66	66	65	66	66	65	66
arCOG01358 (65.6)	65	66	66	66	66	65	65	65	65	0	65	66	66	66	66	66	66	66	66	66	66	65	65	66	65	66
arCOG01561 (65.7)	65	66	66	66	66	65	65	66	65	65	0	66	66	66	66	66	66	66	66	66	66	65	65	66	65	66
arCOG01741 (66.6)	66	67	67	67	67	66	66	66	66	66	66	0	67	67	67	67	67	67	67	67	67	66	66	67	66	67
arCOG01923 (66.6)	66	67	67	67	67	66	66	66	66	66	66	67	0	67	67	67	67	67	67	67	67	66	66	67	66	67
arCOG01988 (66.6)	66	67	67	67	67	66	66	66	66	66	66	67	67	0	67	67	67	67	67	67	67	66	66	67	66	67
arCOG04071 (66.6)	66	67	67	67	67	66	66	66	66	66	66	67	67	67	0	67	67	67	67	67	67	66	66	67	66	67
arCOG04077 (66.6)	66	67	67	67	67	66	66	66	66	66	66	67	67	67	67	0	67	67	67	67	67	66	66	67	66	67
arCOG04086 (66.6)	66	67	67	67	67	66	66	66	66	66	66	67	67	67	67	67	0	67	67	67	67	66	66	67	66	67
arCOG04092 (66.6)	66	67	67	67	67	66	66	66	66	66	66	67	67	67	67	67	67	0	67	67	67	66	66	67	66	67
arCOG04094 (66.6)	66	67	67	67	67	66	66	66	66	66	66	67	67	67	67	67	67	67	0	67	67	66	66	67	66	67
arCOG04108 (66.6)	66	67	67	67	67	66	66	66	66	66	66	67	67	67	67	67	67	67	67	0	67	66	66	67	66	67
arCOG04129 (66.6)	66	67	67	67	67	66	66	66	66	66	66	67	67	67	67	67	67	67	67	67	0	66	66	67	66	67
arCOG04130 (65.6)	65	66	66	66	66	65	65	65	65	65	65	66	66	66	66	66	66	66	66	66	66	0	65	66	65	66
arCOG04184 (65.8)	66	66	66	66	66	65	66	65	66	65	65	66	66	66	66	66	66	66	66	66	66	65	0	66	65	66
arCOG04185 (66.6)	66	67	67	67	67	66	66	66	66	66	66	67	67	67	67	67	67	67	67	67	67	66	66	0	66	67
arCOG04186 (65.6)	65	66	66	66	66	65	65	65	65	65	65	66	66	66	66	66	66	66	66	66	66	65	65	66	0	66
arCOG04254 (66.6)	66	67	67	67	67	66	66	66	66	66	66	67	67	67	67	67	67	67	67	67	67	66	66	67	66	0
Average: 66.3

Splits matrix:
arCOG00029 (24.0)	0	29	25	22	26	20	26	26	30	26	25	26.5	27	20	25.5	21.5	20.5	24	21.5	20	21	25	21	23	24.5	24.5
arCOG00470 (28.7)	29	0	30	27	31	25	31	31	35	30.5	30	31.5	32	25	30.5	26	25.5	29	25.5	25	26	30	26	28	29	29.5
arCOG00675 (24.9)	25	30	0	23	27	21	27	27	31	27	26	27.5	28	21	26.5	22	21.5	25	21.5	21	22	25.5	22	24	25	25.5
arCOG00780 (22.0)	22	27	23	0	24	18	24	24	28	24	23	24.5	25	18	23.5	19	18.5	22	18.5	18	19	23	19	21	22.5	22.5
arCOG01016 (25.9)	26	31	27	24	0	22	28	28	32	28	27	28.5	29	22	27.5	23	22.5	26	22.5	22	23	27	23	25	26	26.5
arCOG01038 (20.2)	20	25	21	18	22	0	22	22	26	22	21	22.5	23	16	21.5	17	16.5	20	16.5	16.5	17	21	17.5	19	20.5	20.5
arCOG01122 (25.9)	26	31	27	24	28	22	0	28	32	28	27	28.5	29	22	27.5	23.5	22.5	26	23.5	22	23	27	23	25	26	26.5
arCOG01219 (25.9)	26	31	27	24	28	22	28	0	32	28	27	28.5	29	22	27.5	23.5	22.5	26	23	22	23	27	23	25	26.5	26.5
arCOG01228 (29.8)	30	35	31	28	32	26	32	32	0	32	31	32.5	33	26	31.5	27.5	26.5	30	27.5	26	27	31	27	29	30	30.5
arCOG01358 (25.8)	26	30.5	27	24	28	22	28	28	32	0	27	28.5	29	22	27.5	22.5	22.5	26	22.5	22	23	27	23	25	26.5	26.5
arCOG01561 (25.0)	25	30	26	23	27	21	27	27	31	27	0	27.5	28	21	26.5	22.5	21.5	25	22	21	22	26	22	24	25.5	25.5
arCOG01741 (26.3)	26.5	31.5	27.5	24.5	28.5	22.5	28.5	28.5	32.5	28.5	27.5	0	29.5	22.5	28	23.5	23	26.5	23	22.5	23.5	27.5	23.5	25.5	26.5	27
arCOG01923 (26.8)	27	32	28	25	29	23	29	29	33	29	28	29.5	0	23	28.5	24	23.5	27	23.5	23	24	27.5	24	26	27	27.5
arCOG01988 (20.1)	20	25	21	18	22	16	22	22	26	22	21	22.5	23	0	21.5	17	16.5	20	16.5	16	17	21.5	17	19	20	20.5
arCOG04071 (25.4)	25.5	30.5	26.5	23.5	27.5	21.5	27.5	27.5	31.5	27.5	26.5	28	28.5	21.5	0	22.5	22	25.5	22	21.5	22.5	26.5	22.5	24.5	26	26
arCOG04077 (21.2)	21.5	26	22	19	23	17	23.5	23.5	27.5	22.5	22.5	23.5	24	17	22.5	0	17.5	21	17.5	17	18	22.5	18.5	20	21	21.5
arCOG04086 (20.6)	20.5	25.5	21.5	18.5	22.5	16.5	22.5	22.5	26.5	22.5	21.5	23	23.5	16.5	22	17.5	0	20.5	17	16.5	17.5	21.5	17.5	19.5	20.5	21
arCOG04092 (23.9)	24	29	25	22	26	20	26	26	30	26	25	26.5	27	20	25.5	21	20.5	0	20.5	20	21	24.5	21	23	24.5	24.5
arCOG04094 (20.8)	21.5	25.5	21.5	18.5	22.5	16.5	23.5	23	27.5	22.5	22	23	23.5	16.5	22	17.5	17	20.5	0	16.5	17.5	21.5	18.5	19.5	20.5	21
arCOG04108 (20.1)	20	25	21	18	22	16.5	22	22	26	22	21	22.5	23	16	21.5	17	16.5	20	16.5	0	17	21	17	19	20.5	20.5
arCOG04129 (21.1)	21	26	22	19	23	17	23	23	27	23	22	23.5	24	17	22.5	18	17.5	21	17.5	17	0	22	18	20	21.5	21.5
arCOG04130 (24.9)	25	30	25.5	23	27	21	27	27	31	27	26	27.5	27.5	21.5	26.5	22.5	21.5	24.5	21.5	21	22	0	22	24	25.5	25
arCOG04184 (21.2)	21	26	22	19	23	17.5	23	23	27	23	22	23.5	24	17	22.5	18.5	17.5	21	18.5	17	18	22	0	20	21.5	21.5
arCOG04185 (23.0)	23	28	24	21	25	19	25	25	29	25	24	25.5	26	19	24.5	20	19.5	23	19.5	19	20	24	20	0	23.5	23.5
arCOG04186 (24.2)	24.5	29	25	22.5	26	20.5	26	26.5	30	26.5	25.5	26.5	27	20	26	21	20.5	24.5	20.5	20.5	21.5	25.5	21.5	23.5	0	25
arCOG04254 (24.4)	24.5	29.5	25.5	22.5	26.5	20.5	26.5	26.5	30.5	26.5	25.5	27	27.5	20.5	26	21.5	21	24.5	21	20.5	21.5	25	21.5	23.5	25	0
Average: 23.9
----------------------------------------
Cluster 2 (10 trees)

Compatibility matrix:
arCOG01950 (1.0)	0	1	1	1	1	1	1	1	1	1
arCOG04106 (1.0)	1	0	1	1	1	1	1	1	1	1
arCOG04150 (1.0)	1	1	0	1	1	1	1	1	1	1
arCOG04176 (1.0)	1	1	1	0	1	1	1	1	1	1
arCOG04187 (1.0)	1	1	1	1	0	1	1	1	1	1
arCOG04223 (1.0)	1	1	1	1	1	0	1	1	1	1
arCOG04239 (1.0)	1	1	1	1	1	1	0	1	1	1
arCOG04240 (1.0)	1	1	1	1	1	1	1	0	1	1
arCOG04244 (1.0)	1	1	1	1	1	1	1	1	0	1
arCOG04289 (1.0)	1	1	1	1	1	1	1	1	1	0
Average: 1.0

Shared taxa matrix:
arCOG01950 (65.6)	0	66	66	65	66	65	66	65	66	65
arCOG04106 (64.7)	66	0	65	64	65	64	65	64	65	64
arCOG04150 (66.2)	66	65	0	66	67	66	67	66	67	66
arCOG04176 (65.3)	65	64	66	0	66	65	66	65	66	65
arCOG04187 (66.2)	66	65	67	66	0	66	67	66	67	66
arCOG04223 (65.3)	65	64	66	65	66	0	66	65	66	65
arCOG04239 (66.2)	66	65	67	66	67	66	0	66	67	66
arCOG04240 (65.3)	65	64	66	65	66	65	66	0	66	65
arCOG04244 (66.2)	66	65	67	66	67	66	67	66	0	66
arCOG04289 (65.3)	65	64	66	65	66	65	66	65	66	0
Average: 65.6

Splits matrix:
arCOG01950 (20.2)	0	18.5	22.5	21.5	23	20	22	18.5	15	20.5
arCOG04106 (22.1)	18.5	0	24.5	23	25	21.5	24	20.5	18.5	23
arCOG04150 (24.9)	22.5	24.5	0	25.5	28.5	25.5	27.5	24	20.5	26
arCOG04176 (22.7)	21.5	23	25.5	0	25.5	22.5	24.5	21.5	17.5	23
arCOG04187 (25.3)	23	25	28.5	25.5	0	25.5	28	24.5	21	26.5
arCOG04223 (22.3)	20	21.5	25.5	22.5	25.5	0	24.5	21	17.5	23
arCOG04239 (24.3)	22	24	27.5	24.5	28	24.5	0	23.5	20	25
arCOG04240 (21.3)	18.5	20.5	24	21.5	24.5	21	23.5	0	16.5	21.5
arCOG04244 (18.3)	15	18.5	20.5	17.5	21	17.5	20	16.5	0	18.5
arCOG04289 (23.0)	20.5	23	26	23	26.5	23	25	21.5	18.5	0
Average: 22.4
----------------------------------------
Cluster 3 (7 trees)

Compatibility matrix:
arCOG00078 (1.0)	0	1	1	1	1	1	1
arCOG00358 (1.0)	1	0	1	1	1	1	1
arCOG01751 (1.0)	1	1	0	1	1	1	1
arCOG04089 (1.0)	1	1	1	0	1	1	1
arCOG04098 (1.0)	1	1	1	1	0	1	1
arCOG04111 (1.0)	1	1	1	1	1	0	1
arCOG04288 (1.0)	1	1	1	1	1	1	0
Average: 1.0

Shared taxa matrix:
arCOG00078 (66.8)	0	66	67	67	67	67	67
arCOG00358 (66.0)	66	0	66	66	66	66	66
arCOG01751 (66.8)	67	66	0	67	67	67	67
arCOG04089 (66.8)	67	66	67	0	67	67	67
arCOG04098 (66.8)	67	66	67	67	0	67	67
arCOG04111 (66.8)	67	66	67	67	67	0	67
arCOG04288 (66.8)	67	66	67	67	67	67	0
Average: 66.7

Splits matrix:
arCOG00078 (24.4)	0	27.5	22	24.5	23.5	21	28
arCOG00358 (28.1)	27.5	0	26	29	28	25.5	32.5
arCOG01751 (23.5)	22	26	0	23.5	22.5	20	27
arCOG04089 (25.7)	24.5	29	23.5	0	25	22.5	29.5
arCOG04098 (24.8)	23.5	28	22.5	25	0	21.5	28.5
arCOG04111 (22.8)	21	25.5	20	22.5	21.5	0	26
arCOG04288 (28.6)	28	32.5	27	29.5	28.5	26	0
Average: 25.4
----------------------------------------
Cluster 4 (6 trees)

Compatibility matrix:
arCOG01183 (1.0)	0	1	1	1	1	1
arCOG01920 (1.0)	1	0	1	1	1	1
arCOG04091 (1.0)	1	1	0	1	1	1
arCOG04243 (1.0)	1	1	1	0	1	1
arCOG04256 (1.0)	1	1	1	1	0	1
arCOG04372 (1.0)	1	1	1	1	1	0
Average: 1.0

Shared taxa matrix:
arCOG01183 (65.8)	0	66	66	66	65	66
arCOG01920 (66.4)	66	0	66	67	66	67
arCOG04091 (65.8)	66	66	0	66	65	66
arCOG04243 (66.4)	66	67	66	0	66	67
arCOG04256 (65.6)	65	66	65	66	0	66
arCOG04372 (66.4)	66	67	66	67	66	0
Average: 66.1

Splits matrix:
arCOG01183 (26.8)	0	25.5	26.5	26.5	28	27.5
arCOG01920 (24.6)	25.5	0	23	24	25.5	25
arCOG04091 (24.9)	26.5	23	0	24	26	25
arCOG04243 (25.4)	26.5	24	24	0	26.5	26
arCOG04256 (26.7)	28	25.5	26	26.5	0	27.5
arCOG04372 (26.2)	27.5	25	25	26	27.5	0
Average: 25.8
----------------------------------------
Cluster 5 (5 trees)

Compatibility matrix:
arCOG00869 (1.0)	0	1	1	1	1
arCOG01563 (1.0)	1	0	1	1	1
arCOG04107 (1.0)	1	1	0	1	1
arCOG04154 (1.0)	1	1	1	0	1
arCOG04169 (1.0)	1	1	1	1	0
Average: 1.0

Shared taxa matrix:
arCOG00869 (64.8)	0	65	65	65	64
arCOG01563 (66.2)	65	0	67	67	66
arCOG04107 (66.2)	65	67	0	67	66
arCOG04154 (66.2)	65	67	67	0	66
arCOG04169 (65.5)	64	66	66	66	0
Average: 65.8

Splits matrix:
arCOG00869 (28.0)	0	28	27.5	24	32.5
arCOG01563 (27.0)	28	0	26	23	31
arCOG04107 (26.4)	27.5	26	0	22	30
arCOG04154 (24.0)	24	23	22	0	27
arCOG04169 (30.1)	32.5	31	30	27	0
Average: 27.1
----------------------------------------
Cluster 6 (5 trees)

Compatibility matrix:
arCOG00781 (1.0)	0	1	1	1	1
arCOG04067 (1.0)	1	0	1	1	1
arCOG04182 (1.0)	1	1	0	1	1
arCOG04245 (1.0)	1	1	1	0	1
arCOG04302 (1.0)	1	1	1	1	0
Average: 1.0

Shared taxa matrix:
arCOG00781 (66.8)	0	66	67	67	67
arCOG04067 (66.0)	66	0	66	66	66
arCOG04182 (66.8)	67	66	0	67	67
arCOG04245 (66.8)	67	66	67	0	67
arCOG04302 (66.8)	67	66	67	67	0
Average: 66.6

Splits matrix:
arCOG00781 (24.5)	0	23	22.5	23.5	29
arCOG04067 (25.2)	23	0	23.5	24.5	30
arCOG04182 (24.9)	22.5	23.5	0	24	29.5
arCOG04245 (25.6)	23.5	24.5	24	0	30.5
arCOG04302 (29.8)	29	30	29.5	30.5	0
Average: 26.0
----------------------------------------
Cluster 7 (4 trees)

Compatibility matrix:
arCOG01559 (1.0)	0	1	1	1
arCOG04093 (1.0)	1	0	1	1
arCOG04179 (1.0)	1	1	0	1
arCOG04473 (1.0)	1	1	1	0
Average: 1.0

Shared taxa matrix:
arCOG01559 (65.7)	0	65	66	66
arCOG04093 (65.7)	65	0	66	66
arCOG04179 (66.3)	66	66	0	67
arCOG04473 (66.3)	66	66	67	0
Average: 66.0

Splits matrix:
arCOG01559 (28.8)	0	31	28.5	27
arCOG04093 (24.7)	31	0	22.5	20.5
arCOG04179 (23.2)	28.5	22.5	0	18.5
arCOG04473 (22.0)	27	20.5	18.5	0
Average: 24.7
----------------------------------------
Cluster 8 (3 trees)

Compatibility matrix:
arCOG04097 (1.0)	0	1	1
arCOG04208 (1.0)	1	0	1
arCOG04249 (1.0)	1	1	0
Average: 1.0

Shared taxa matrix:
arCOG04097 (67.0)	0	67	67
arCOG04208 (67.0)	67	0	67
arCOG04249 (67.0)	67	67	0
Average: 67.0

Splits matrix:
arCOG04097 (25.0)	0	23	27
arCOG04208 (24.5)	23	0	26
arCOG04249 (26.5)	27	26	0
Average: 25.3
----------------------------------------
Cluster 9 (3 trees)

Compatibility matrix:
arCOG00402 (1.0)	0	1	1
arCOG04072 (1.0)	1	0	1
arCOG04228 (1.0)	1	1	0
Average: 1.0

Shared taxa matrix:
arCOG00402 (66.0)	0	66	66
arCOG04072 (66.5)	66	0	67
arCOG04228 (66.5)	66	67	0
Average: 66.3

Splits matrix:
arCOG00402 (27.8)	0	27	28.5
arCOG04072 (22.2)	27	0	17.5
arCOG04228 (23.0)	28.5	17.5	0
Average: 24.3
----------------------------------------
Cluster 10 (3 trees)

Compatibility matrix:
arCOG00980 (1.0)	0	1	1
arCOG04090 (1.0)	1	0	1
arCOG04113 (1.0)	1	1	0
Average: 1.0

Shared taxa matrix:
arCOG00980 (66.5)	0	66	67
arCOG04090 (66.0)	66	0	66
arCOG04113 (66.5)	67	66	0
Average: 66.3

Splits matrix:
arCOG00980 (28.2)	0	27.5	29
arCOG04090 (26.0)	27.5	0	24.5
arCOG04113 (26.8)	29	24.5	0
Average: 27.0
----------------------------------------
Cluster 11 (2 trees)

Compatibility matrix:
arCOG04112 (1.0)	0	1
arCOG04209 (1.0)	1	0
Average: 1.0

Shared taxa matrix:
arCOG04112 (65.0)	0	65
arCOG04209 (65.0)	65	0
Average: 65.0

Splits matrix:
arCOG04112 (25.5)	0	25.5
arCOG04209 (25.5)	25.5	0
Average: 25.5
----------------------------------------
Cluster 12 (2 trees)

Compatibility matrix:
arCOG00868 (1.0)	0	1
arCOG01180 (1.0)	1	0
Average: 1.0

Shared taxa matrix:
arCOG00868 (64.0)	0	64
arCOG01180 (64.0)	64	0
Average: 64.0

Splits matrix:
arCOG00868 (33.0)	0	33
arCOG01180 (33.0)	33	0
Average: 33.0
----------------------------------------
Cluster 13 (2 trees)

Compatibility matrix:
arCOG04087 (1.0)	0	1
arCOG04255 (1.0)	1	0
Average: 1.0

Shared taxa matrix:
arCOG04087 (67.0)	0	67
arCOG04255 (67.0)	67	0
Average: 67.0

Splits matrix:
arCOG04087 (28.5)	0	28.5
arCOG04255 (28.5)	28.5	0
Average: 28.5
----------------------------------------
Cluster 14 (2 trees)

Compatibility matrix:
arCOG00410 (1.0)	0	1
arCOG04258 (1.0)	1	0
Average: 1.0

Shared taxa matrix:
arCOG00410 (66.0)	0	66
arCOG04258 (66.0)	66	0
Average: 66.0

Splits matrix:
arCOG00410 (26.5)	0	26.5
arCOG04258 (26.5)	26.5	0
Average: 26.5
----------------------------------------
Cluster 15 (2 trees)

Compatibility matrix:
arCOG01015 (1.0)	0	1
arCOG04070 (1.0)	1	0
Average: 1.0

Shared taxa matrix:
arCOG01015 (66.0)	0	66
arCOG04070 (66.0)	66	0
Average: 66.0

Splits matrix:
arCOG01015 (33.0)	0	33
arCOG04070 (33.0)	33	0
Average: 33.0
----------------------------------------
Cluster 16 (2 trees)

Compatibility matrix:
arCOG04064 (1.0)	0	1
arCOG04281 (1.0)	1	0
Average: 1.0

Shared taxa matrix:
arCOG04064 (67.0)	0	67
arCOG04281 (67.0)	67	0
Average: 67.0

Splits matrix:
arCOG04064 (34.0)	0	34
arCOG04281 (34.0)	34	0
Average: 34.0
----------------------------------------
Cluster 17 (2 trees)

Compatibility matrix:
arCOG01719 (1.0)	0	1
arCOG04099 (1.0)	1	0
Average: 1.0

Shared taxa matrix:
arCOG01719 (66.0)	0	66
arCOG04099 (66.0)	66	0
Average: 66.0

Splits matrix:
arCOG01719 (25.5)	0	25.5
arCOG04099 (25.5)	25.5	0
Average: 25.5
----------------------------------------
Cluster 18 (1 trees)

Compatibility matrix:
arCOG04161	0

Shared taxa matrix:
arCOG04161	0

Splits matrix:
arCOG04161	0
----------------------------------------
Cluster 19 (1 trees)

Compatibility matrix:
arCOG01560	0

Shared taxa matrix:
arCOG01560	0

Splits matrix:
arCOG01560	0
----------------------------------------
Cluster 20 (1 trees)

Compatibility matrix:
arCOG00035	0

Shared taxa matrix:
arCOG00035	0

Splits matrix:
arCOG00035	0
----------------------------------------
Cluster 21 (1 trees)

Compatibility matrix:
arCOG00412	0

Shared taxa matrix:
arCOG00412	0

Splits matrix:
arCOG00412	0
----------------------------------------
Cluster 22 (1 trees)

Compatibility matrix:
arCOG00487	0

Shared taxa matrix:
arCOG00487	0

Splits matrix:
arCOG00487	0
----------------------------------------
Cluster 23 (1 trees)

Compatibility matrix:
arCOG04277	0

Shared taxa matrix:
arCOG04277	0

Splits matrix:
arCOG04277	0
----------------------------------------
Cluster 24 (1 trees)

Compatibility matrix:
arCOG00985	0

Shared taxa matrix:
arCOG00985	0

Splits matrix:
arCOG00985	0
----------------------------------------
Cluster 25 (1 trees)

Compatibility matrix:
arCOG00081	0

Shared taxa matrix:
arCOG00081	0

Splits matrix:
arCOG00081	0
----------------------------------------
Cluster 26 (1 trees)

Compatibility matrix:
arCOG01722	0

Shared taxa matrix:
arCOG01722	0

Splits matrix:
arCOG01722	0
----------------------------------------
Cluster 27 (1 trees)

Compatibility matrix:
arCOG00406	0

Shared taxa matrix:
arCOG00406	0

Splits matrix:
arCOG00406	0
----------------------------------------
Cluster 28 (1 trees)

Compatibility matrix:
arCOG00865	0

Shared taxa matrix:
arCOG00865	0

Splits matrix:
arCOG00865	0
----------------------------------------
Cluster 29 (1 trees)

Compatibility matrix:
arCOG01001	0

Shared taxa matrix:
arCOG01001	0

Splits matrix:
arCOG01001	0
----------------------------------------
